   8.6849614e-01	
   2.4002860e+00	
   1.3832817e+00	
   2.6562064e+00	
   1.4583173e+00	
   2.5389925e+00	
   2.5465799e+00	
   2.9473354e+00	
   2.2861824e+00	
   2.2348646e+00	
   2.9756056e+00	
   1.5062178e+00	
   2.5479151e+00	
   2.1616455e+00	
   1.6782399e+00	
   1.3659630e+00	
   2.4981766e+00	
   2.2268047e+00	
   1.7856852e+00	
   1.7122899e+00	
   3.0537977e+00	
   2.2351774e+00	
   1.8437316e+00	
   1.9567515e+00	
   3.4499110e+00	
   2.5881794e+00	
   2.0436336e+00	
   2.3582500e+00	
   2.6628827e+00	
   1.7579207e+00	
   1.3200603e+00	
   2.3756730e+00	
   1.5165291e+00	
   2.4798779e+00	
   2.4398245e+00	
   2.2979607e+00	
   2.2881325e+00	
   1.1543603e+00	
   2.4972958e+00	
   2.4203247e+00	
   1.8503814e+00	
   1.8370582e+00	
   3.2593340e+00	
   1.6913163e+00	
   2.3178395e+00	
   1.0391053e+00	
   1.9595430e+00	
   3.0715228e+00	
   2.1766773e+00	
   2.6426198e+00	
   2.7813805e+00	
   1.7163585e+00	
   1.2037075e+00	
   2.1750563e+00	
   2.0852250e+00	
   1.9428467e+00	
   2.2110098e+00	
   1.3618375e+00	
   1.8124992e+00	
   2.5549716e+00	
   2.8432572e+00	
   1.8527700e+00	
   1.4982255e+00	
   1.9885578e+00	
   2.6223372e+00	
   1.9776159e+00	
   2.6137188e+00	
   2.2623514e+00	
   2.4834802e+00	
   1.5316817e+00	
   3.8126294e+00	
   1.3796694e+00	
   3.4636196e+00	
   1.6394399e+00	
   1.3375552e+00	
   1.5452506e+00	
   1.4051727e+00	
   1.7510364e+00	
   2.6183109e+00	
   1.8801520e+00	
   1.6672105e+00	
   1.2055950e+00	
   2.3270963e+00	
   1.4039048e+00	
   1.0301417e+00	
   1.8719440e+00	
   2.0879983e+00	
   1.9804545e+00	
   2.0662983e+00	
   1.6603316e+00	
   3.4338594e+00	
   2.5095409e+00	
   1.5753301e+00	
   1.9547380e+00	
   1.5583344e+00	
   1.2001566e+00	
   2.0349513e+00	
   1.0668714e+00	
   2.2049296e+00	
   1.9471985e+00	
   1.7592550e+00	
   2.3622568e+00	
   1.5400228e+00	
   1.9993091e+00	
   1.4752637e+00	
   2.3519142e+00	
   1.7251833e+00	
   2.4536023e+00	
   1.6632272e+00	
   2.2126163e+00	
   2.1799196e+00	
   1.7203169e+00	
   2.6191702e+00	
   2.2022376e+00	
   2.3963918e+00	
   1.7263366e+00	
   7.2072126e-01	
   1.4761313e+00	
   9.6349725e-01	
   2.3738613e+00	
   2.0088621e+00	
   1.7662174e+00	
   1.8104544e+00	
   7.2458098e-01	
   1.8995861e+00	
   2.1363614e+00	
   1.8723108e+00	
   1.5855000e+00	
   1.7531781e+00	
   2.0190903e+00	
   2.6335315e+00	
   1.9685425e+00	
   2.3340572e+00	
   3.1920799e+00	
   2.0942496e+00	
   2.0162039e+00	
   2.2725991e+00	
   1.4559596e+00	
   2.5706337e+00	
   2.3611375e+00	
   1.9354775e+00	
   2.5023702e+00	
   3.4646205e+00	
