   4.5303020e+00	
   3.8392942e+00	
   3.2340806e+00	
   9.4249105e-01	
   4.6077719e+00	
   4.9682173e+00	
   4.0698896e+00	
   3.3751584e+00	
   4.8724539e+00	
   3.6657866e+00	
   3.0234848e+00	
   4.3752339e+00	
   4.2041440e+00	
   1.9426965e+00	
   3.7866463e+00	
   3.2025117e+00	
   4.2037591e+00	
   3.6835798e+00	
   3.7969594e+00	
   4.1936960e+00	
   3.7812775e+00	
   4.2066629e+00	
   3.1945337e+00	
   4.1484208e+00	
   3.9973218e+00	
   6.1003031e+00	
   5.1446955e+00	
   5.3543827e+00	
   4.3708517e+00	
   3.6101012e+00	
   4.6656621e+00	
   3.1236161e+00	
   8.1559147e-01	
   3.3720363e+00	
   4.9176044e+00	
   4.7192064e+00	
   2.6740029e+00	
   5.9461819e+00	
   3.5114902e+00	
   3.5269970e+00	
   3.0718194e+00	
   4.2718836e+00	
   3.3065200e+00	
   5.2289754e+00	
   4.2520337e+00	
   3.0150369e+00	
   5.1168082e+00	
   3.9606909e+00	
   3.5756393e+00	
   5.7266446e+00	
   3.6548949e+00	
   6.9492438e-01	
   3.1663280e+00	
   4.1750958e+00	
   4.8792738e+00	
   2.8453983e+00	
   1.6425546e+00	
   2.4373627e+00	
   2.8619085e+00	
   4.0320525e+00	
   3.9590872e+00	
   3.6134337e+00	
   3.7492181e+00	
   6.2265387e+00	
   4.4638493e+00	
   4.7962349e+00	
   2.2840991e+00	
