   2.7815300e+00	
   9.6997922e-01	
   2.6220980e+00	
   2.6301735e+00	
   2.7590983e+00	
   2.6032830e+00	
   1.7402874e+00	
   2.2241642e+00	
   1.8947986e+00	
   2.2597107e+00	
   2.1256726e+00	
   1.8419034e+00	
   2.2472432e+00	
   1.4280671e+00	
   1.6985014e+00	
   2.8425565e+00	
   3.0999572e+00	
   2.8999875e+00	
   1.5677807e+00	
   2.5543304e+00	
   3.1331153e+00	
   9.3328362e-01	
   3.0586491e+00	
   1.7682789e+00	
   1.7642273e+00	
   2.5678696e+00	
   3.0098748e+00	
   3.5757766e+00	
   9.6187837e-01	
   1.5299800e+00	
   3.2522246e+00	
   3.0171296e+00	
   4.0806025e+00	
   2.9390006e+00	
   2.0938370e+00	
   2.2054898e+00	
   1.8275771e+00	
   3.8096071e+00	
   3.7947330e+00	
   2.5105660e+00	
   2.6672363e+00	
   2.4169043e+00	
   3.0606567e+00	
   3.2522325e+00	
   2.7944945e+00	
   2.1101243e+00	
   2.8747846e+00	
   4.5461991e+00	
   2.0837633e+00	
   2.5530825e+00	
   2.3262697e+00	
   8.6120870e-01	
   2.1438070e+00	
   1.8235666e+00	
   2.4568599e+00	
   9.1284674e-01	
   3.2540895e+00	
   2.7293186e+00	
   1.4840436e+00	
   2.4689412e+00	
   2.7752142e+00	
   3.8937795e+00	
   1.7409522e+00	
   3.4715609e+00	
   3.7949290e+00	
   9.5197370e-01	
   4.0956104e+00	
   2.9389879e+00	
   3.3520527e+00	
   4.2624004e+00	
   2.7364067e+00	
   2.4879989e+00	
   1.4621885e+00	
   2.5643238e+00	
   2.4250636e+00	
   1.4567724e+00	
   1.7909153e+00	
   8.4587751e-01	
   3.3241268e+00	
   8.1792117e-01	
   2.6605060e+00	
   1.7812580e+00	
   1.6139671e+00	
   3.2920625e+00	
   1.6516588e+00	
   1.2263097e+00	
   1.9486781e+00	
   2.5265594e+00	
   3.7165414e+00	
   1.9021331e+00	
   3.4584178e+00	
   1.5533768e+00	
   1.2170755e+00	
   1.9656583e+00	
   2.2906973e+00	
   1.9839496e+00	
   2.9337779e+00	
   2.5175312e+00	
   2.2257328e+00	
   2.2582554e+00	
   1.2041798e+00	
   1.5020298e+00	
   1.4972733e+00	
   2.2084480e+00	
   2.6589628e+00	
   3.4597398e+00	
   3.0522344e+00	
   2.7034104e+00	
   8.9255871e-01	
   3.3190707e+00	
   1.4710881e+00	
   3.5111352e+00	
   3.1045154e+00	
   3.6165218e+00	
   1.8106919e+00	
   7.2497209e-01	
   1.2769626e+00	
   3.3364828e+00	
   3.2679714e+00	
   1.5578944e+00	
   1.2139984e+00	
   2.0041881e+00	
   2.4496788e+00	
   2.9282036e+00	
   2.4290548e+00	
   1.2055766e+00	
   3.1760250e+00	
   2.7320507e+00	
   1.9843971e+00	
   2.7901312e+00	
   3.1749426e+00	
   3.4054724e+00	
   2.5616073e+00	
   1.2605499e+00	
   1.9053883e+00	
