   3.8444265e+00	
   5.2137367e+00	
   3.0973441e+00	
   9.5774348e-01	
   4.0238410e+00	
   1.9172066e+00	
   4.0595016e+00	
   3.4963759e+00	
   1.5954206e+00	
   1.5077428e+00	
   3.7367603e+00	
   2.2734756e+00	
   2.9530406e+00	
   3.8367883e+00	
   4.7865173e+00	
   2.3286413e+00	
   2.4220702e+00	
   3.0381389e+00	
   3.9317614e+00	
   2.1682992e+00	
   2.3662585e+00	
   1.8774790e+00	
   1.7536939e+00	
   2.4119630e+00	
   1.8035344e+00	
   2.5670399e+00	
   2.2838004e+00	
   9.7339104e-01	
   2.4380669e+00	
   1.5552378e+00	
   3.0295897e+00	
   2.0712754e+00	
   1.6857655e+00	
   1.3254981e+00	
   2.3504947e+00	
   2.5353581e+00	
   2.2851182e+00	
   2.7997531e+00	
   5.3181303e+00	
   1.0203117e+00	
   2.9289799e+00	
   4.7710514e+00	
   4.4310865e+00	
   3.1346808e+00	
   2.1975704e+00	
   1.9437073e+00	
   1.8024862e+00	
   2.6343085e+00	
   1.4652875e+00	
   2.9000680e+00	
   3.2221847e+00	
   2.9249853e+00	
   2.9163990e+00	
   2.2065223e+00	
   1.4528544e+00	
   2.0186049e+00	
   1.5339234e+00	
   2.3891240e+00	
   3.0058457e+00	
   2.3170764e+00	
   1.6731095e+00	
   1.8340532e+00	
   9.8080151e-01	
   2.0848598e+00	
   2.4475002e+00	
   1.7139950e+00	
   3.0049134e+00	
   2.0694030e+00	
   2.7009127e+00	
   2.3657887e+00	
   8.3759013e-01	
   8.2269714e-01	
   1.4408455e+00	
   2.3900381e+00	
   1.1029247e+00	
   2.9530122e+00	
   2.8157440e+00	
   4.0437000e+00	
   3.0635366e+00	
   2.2113632e+00	
   1.2591949e+00	
   1.8087396e+00	
   5.9312964e+00	
   3.0045924e+00	
   1.0229655e+00	
   2.4260210e+00	
   2.5307085e+00	
   2.8625250e+00	
   2.3432391e+00	
   3.3941825e+00	
