   2.1906091e+00	
   9.5461545e-01	
   2.7287482e+00	
   9.2674367e-01	
   1.3697021e+00	
   6.3746411e-01	
   1.7049308e+00	
   3.5350883e+00	
   1.9723834e+00	
   2.1749153e+00	
   2.1946659e+00	
   3.5718114e+00	
   2.2905424e+00	
   1.3884025e+00	
   4.0291612e+00	
   1.8587786e+00	
   1.1351754e+00	
   3.6247952e+00	
   1.5790559e+00	
   3.5294059e+00	
   3.1504398e+00	
   1.7160385e+00	
   3.4819357e+00	
   2.1541033e+00	
   2.3881209e+00	
   3.0944548e+00	
   2.7632325e+00	
   1.3729217e+00	
   2.4177968e+00	
   1.4868009e+00	
   9.9700740e-01	
   1.7072338e+00	
   2.0177006e+00	
   4.5070342e+00	
   2.8840100e+00	
   1.2114685e+00	
   2.2488450e+00	
   1.6747466e+00	
   2.8624524e+00	
   2.8207490e+00	
   1.3598043e+00	
   1.7050168e+00	
   1.9505261e+00	
   2.0728686e+00	
   1.6105072e+00	
   3.6739439e+00	
   2.9601311e+00	
   2.5993109e+00	
   2.9662765e+00	
   3.3302024e+00	
   1.3587490e+00	
   1.8122045e+00	
   2.1880279e+00	
   3.2762910e+00	
   2.1025465e+00	
   2.9853096e+00	
   2.8761813e+00	
   2.5413171e+00	
   1.4279439e+00	
   3.0709519e+00	
   9.7501711e-01	
   2.8557701e+00	
   1.1426467e+00	
   1.9382029e+00	
   1.7227973e+00	
   2.7752134e+00	
   2.9783254e+00	
   3.2097206e+00	
   2.5638796e+00	
   1.0575595e+00	
   1.1394216e+00	
   8.8134947e-01	
   2.2371118e+00	
   3.2163044e+00	
   3.5251290e+00	
   2.5481360e+00	
   1.9343113e+00	
   1.6096986e+00	
   2.7750659e+00	
   2.3070744e+00	
   3.6093249e+00	
   3.1561272e+00	
   2.9221959e+00	
   1.9561703e+00	
   2.9179830e+00	
   3.0918099e+00	
   2.3972853e+00	
   2.6465370e+00	
