   2.3910585e+00	
   2.7193443e+00	
   1.4701044e+00	
   2.2583527e+00	
   2.5595401e+00	
   2.0740820e+00	
   1.6384305e+00	
   1.8975451e+00	
   3.1151549e+00	
   2.7442701e+00	
   1.1145110e+00	
   2.1240161e+00	
   2.8924999e+00	
   1.6929199e+00	
   1.3184538e+00	
   2.2951578e+00	
   1.8245891e+00	
   3.3135371e+00	
   2.0022954e+00	
   1.9248016e+00	
   3.1980331e+00	
   3.7399136e+00	
   1.5267943e+00	
   1.5781993e+00	
   1.9088372e+00	
   2.1978255e+00	
   2.6107707e+00	
   1.0639394e+00	
   1.9077428e+00	
   1.4286161e+00	
   2.6280114e+00	
   2.2129707e+00	
   2.4269372e+00	
   1.8961817e+00	
   2.5619250e+00	
   1.8238583e+00	
   3.2720603e+00	
   2.3036409e+00	
   9.7729958e-01	
   2.2291564e+00	
   1.9769445e+00	
   1.4227220e+00	
   1.1908244e+00	
   1.9336069e+00	
   2.2733530e+00	
   2.9424523e+00	
   2.5249054e+00	
   2.7462766e+00	
   1.6237294e+00	
   3.0149271e+00	
   2.1542603e+00	
   2.0242878e+00	
   1.6338162e+00	
   1.2898112e+00	
   2.0071695e+00	
   2.1348692e+00	
   2.3120307e+00	
   1.8893788e+00	
   1.5056218e+00	
   1.6388522e+00	
   1.0267545e+00	
   2.1186237e+00	
   2.0270772e+00	
   2.7514852e+00	
   1.7384492e+00	
   2.3262448e+00	
   2.5939333e+00	
   1.7209690e+00	
   1.8720858e+00	
   1.9550127e+00	
   8.0951057e-01	
   3.0805099e+00	
   3.6064783e+00	
   3.4934910e+00	
   2.1476413e+00	
   2.5625049e+00	
   1.7418005e+00	
   2.8131738e+00	
   3.5241897e+00	
   2.0598151e+00	
   2.2711272e+00	
   1.4489695e+00	
   2.8910795e+00	
   2.9010091e+00	
   2.2000170e+00	
   1.8475749e+00	
   1.7360728e+00	
   1.3658298e+00	
   1.6555574e+00	
   2.5230107e+00	
   3.0071504e+00	
   2.9751468e+00	
   3.5436029e+00	
   2.6069831e+00	
   2.1426549e+00	
   2.3340858e+00	
   2.5160002e+00	
   1.6686592e+00	
   4.2164390e+00	
   1.9250246e+00	
   2.2735744e+00	
   2.9019983e+00	
   1.0923035e+00	
   1.2169766e+00	
   1.5806894e+00	
   1.2786494e+00	
   2.7349946e+00	
   1.8167521e+00	
   2.2559824e+00	
   2.1354476e+00	
   3.0069588e+00	
   3.5957660e+00	
   3.7585873e+00	
   2.2780030e+00	
   2.4969065e+00	
   1.4528359e+00	
   4.6297484e+00	
   2.4656841e+00	
   2.4435784e+00	
   1.6954004e+00	
   2.1107948e+00	
   4.2162055e+00	
   2.0370797e+00	
   1.5084300e+00	
   1.9749690e+00	
   2.7114621e+00	
   2.2907369e+00	
   1.4483473e+00	
   1.0187092e+00	
   1.9255969e+00	
   1.7755517e+00	
   2.1013756e+00	
   2.5390573e+00	
   1.7599514e+00	
   3.1808442e+00	
   2.7935723e+00	
   3.0859733e+00	
   1.2811292e+00	
   1.5856636e+00	
   1.5940445e+00	
   3.9736820e+00	
   2.5211978e+00	
   1.2039208e+00	
   1.9807352e+00	
   2.8307760e+00	
   2.6030883e+00	
   3.0761123e+00	
   2.7982193e+00	
   1.8136332e+00	
   2.6597585e+00	
   2.0353571e+00	
   3.6563997e+00	
   1.9059889e+00	
   1.6703161e+00	
   2.3424890e+00	
   9.9206952e-01	
   2.9784379e+00	
   1.3921704e+00	
   2.4188572e+00	
   1.5976856e+00	
   2.7025876e+00	
   2.6260386e+00	
   2.2736918e+00	
   3.2562316e+00	
   1.2048678e+00	
   2.0718864e+00	
   2.9685356e+00	
   1.8887537e+00	
   1.0162890e+00	
   1.1428033e+00	
   3.1136093e+00	
   2.6722609e+00	
   1.8755036e+00	
   1.8137526e+00	
   2.4094375e+00	
   2.4806152e+00	
   1.6956255e+00	
   3.0616681e+00	
   2.8100238e+00	
   1.0401978e+00	
   1.6780176e+00	
   3.0362275e+00	
   1.4947163e+00	
   1.7800140e+00	
   1.9282271e+00	
   1.4897548e+00	
   1.9022350e+00	
   2.1727599e+00	
   1.0964046e+00	
   1.9059836e+00	
