   2.6650966e+00	
   3.0459280e+00	
   2.5548626e+00	
   2.4708796e+00	
   2.6348706e+00	
   2.0185626e+00	
   1.1328095e+00	
   2.8695376e+00	
   2.3607034e+00	
   2.2466498e+00	
   1.7451399e+00	
   8.9827740e-01	
   2.3002959e+00	
   2.9440030e+00	
   2.9410546e+00	
   7.7363769e-01	
   2.3189173e+00	
   2.4530229e+00	
   2.5922096e+00	
   3.0565200e+00	
   1.1692390e+00	
   1.6095274e+00	
   2.2227247e+00	
   1.9780678e+00	
   2.6329569e+00	
   2.6982891e+00	
   1.8866580e+00	
   2.2824903e+00	
   2.9205146e+00	
   2.0126607e+00	
   2.6138764e+00	
   3.6387153e+00	
   2.8244083e+00	
   3.4176307e+00	
   2.6300059e+00	
   2.3988212e+00	
   6.4991259e-01	
   2.9178400e+00	
   2.8824984e+00	
   1.4040877e+00	
   2.2669089e+00	
   2.9043032e+00	
   1.6524995e+00	
   2.4369894e+00	
   2.1024758e+00	
   6.9661973e-01	
   2.6570746e+00	
   1.6309495e+00	
   2.8801367e+00	
   2.9419377e+00	
   2.1075791e+00	
   3.0675500e+00	
   2.9485023e+00	
   1.8032129e+00	
   2.0825452e+00	
   1.2904281e+00	
   2.7262837e+00	
   2.3514028e+00	
   4.7522003e+00	
   2.7406009e+00	
   1.7748269e+00	
   2.4585553e+00	
   3.0241267e+00	
   3.1301754e+00	
   1.9010568e+00	
   6.9717053e-01	
   2.2442068e+00	
   2.2056597e+00	
   1.7190196e+00	
   1.5670111e+00	
   2.4585417e+00	
   1.7415622e+00	
   1.8657822e+00	
   1.6456079e+00	
   2.3997296e+00	
   3.1236378e+00	
   2.8174257e+00	
   3.3024543e+00	
   1.0884895e+00	
   2.6763578e+00	
   1.3889338e+00	
   2.8999660e+00	
   3.6527728e+00	
   1.4603578e+00	
   1.4426254e+00	
   2.2026344e+00	
   2.1808764e+00	
   1.4338029e+00	
   1.9900589e+00	
   1.8613192e+00	
   2.1856093e+00	
   2.1276971e+00	
   2.0396823e+00	
   2.5146986e+00	
   1.6702422e+00	
   2.0078649e+00	
   1.2090809e+00	
   2.4185404e+00	
   2.4765313e+00	
   3.0102141e+00	
   2.7274691e+00	
   3.3950122e+00	
   2.5262733e+00	
   2.5065926e+00	
   2.7820242e+00	
   4.3073094e+00	
   4.1104622e+00	
   2.4510416e+00	
   2.7084574e+00	
   3.0772569e+00	
   2.7214959e+00	
   3.3503451e+00	
   2.2795934e+00	
   3.7836390e+00	
   2.6300206e+00	
   1.8958039e+00	
   2.4493170e+00	
   1.3545460e+00	
   1.9675504e+00	
   1.9341267e+00	
   2.6572837e+00	
   2.5556061e+00	
