   3.6383350e+00	
   2.2604548e+00	
   2.9450396e+00	
   2.2336029e+00	
   2.4099369e+00	
   6.1407358e-01	
   5.4813095e-01	
   7.8788941e-01	
   4.4322524e+00	
   3.0490316e+00	
   1.6934687e+00	
   2.4893427e+00	
   1.5068519e+00	
   2.2219743e+00	
   1.6189288e+00	
   2.3627008e+00	
   2.1479173e+00	
   2.4740708e+00	
   2.1255987e+00	
   2.5290692e+00	
   3.0879714e+00	
   3.0953454e+00	
   2.8216998e+00	
   2.6461449e+00	
   7.0812102e+00	
   2.6341917e+00	
   2.7138812e+00	
   4.0682195e+00	
   4.5595559e+00	
   2.9702810e+00	
   3.7282560e+00	
   5.2452396e+00	
   3.1497854e+00	
   5.3068061e+00	
   1.9871534e+00	
   1.4284982e+00	
   4.2930248e+00	
   6.3541247e+00	
   5.8051191e+00	
   6.7791259e-01	
   2.2818256e+00	
   1.4257105e+00	
   2.5178150e+00	
   2.2835848e+00	
   3.4932354e+00	
   2.0402683e+00	
   1.8618641e+00	
   2.0919501e+00	
   2.7167245e+00	
   1.3129609e+00	
   1.8708588e+00	
   3.5518221e+00	
   1.5488920e+00	
   1.9168525e+00	
   2.2731301e+00	
   2.2606252e+00	
   1.9307195e+00	
   2.3837567e+00	
   3.1741877e+00	
   5.5638913e+00	
   1.8427235e+00	
   2.5378476e+00	
   1.1743536e+00	
   7.1500403e-01	
   2.8139983e+00	
   2.7960718e+00	
   9.0543397e-01	
   3.5480624e+00	
   4.7197525e+00	
   2.0125119e+00	
   6.7396808e+00	
   1.3371711e+00	
   3.6286652e+00	
   2.0379233e+00	
   3.7708396e+00	
   1.5616433e+00	
   3.5230287e+00	
   3.0133774e+00	
   3.2917835e+00	
   2.2926694e+00	
   1.1212524e+00	
   2.8903291e+00	
