   1.0833023e+00	
   2.2999651e+00	
   2.4628163e+00	
   2.4175909e+00	
   1.7706657e+00	
   1.4540558e+00	
   1.8714450e+00	
   1.5348837e+00	
   1.4258683e+00	
   2.8773513e+00	
   2.8429921e+00	
   3.6180971e+00	
   2.2708977e+00	
   2.4164664e+00	
   3.0197210e+00	
   2.6982267e+00	
   2.4055915e+00	
   2.3526592e+00	
   4.5885839e+00	
   2.0301143e+00	
   3.1520690e+00	
   2.1977532e+00	
   2.2980237e+00	
   5.5266304e+00	
   2.5399473e+00	
   1.2824669e+00	
   2.5025101e+00	
   4.0317120e+00	
   2.3372017e+00	
   2.5418037e+00	
   1.9353102e+00	
   3.2138270e+00	
   3.3656252e+00	
   3.0388190e+00	
   1.3470418e+00	
   2.8867910e+00	
   2.3840214e+00	
   2.7614170e+00	
   1.8243364e+00	
   2.5824679e+00	
   2.0605346e+00	
   1.6963050e+00	
   1.8478592e+00	
   3.4511168e+00	
   1.7141552e+00	
   1.6944726e+00	
   1.2663864e+00	
   1.3407211e+00	
   2.1847480e+00	
   2.1132566e+00	
   1.3497028e+00	
   1.0929513e+00	
   5.9820982e-01	
   2.3603950e+00	
   4.1030657e+00	
   1.5892662e+00	
   1.0004995e+00	
   2.2478640e+00	
   7.4815927e-01	
   1.7935224e+00	
   2.9589188e+00	
   2.6219304e+00	
   7.6653920e-01	
   1.8712315e+00	
   1.0010851e+00	
   2.9144608e+00	
   1.4444758e+00	
   2.6864303e+00	
   1.7806358e+00	
   2.5306460e+00	
   2.4411697e+00	
   1.2476570e+00	
   1.8131460e+00	
   1.1227765e+00	
   2.7989213e+00	
   2.0545520e+00	
   2.7267370e+00	
   3.0975256e+00	
   2.0683764e+00	
   1.3741761e+00	
   1.4843323e+00	
   1.9971922e+00	
   1.9321884e+00	
   1.6551443e+00	
   3.1148528e+00	
   1.0295706e+00	
   3.0755142e+00	
   2.3668708e+00	
   1.0279221e+00	
   7.0258646e-01	
   1.6024582e+00	
   1.0604057e+00	
   1.8733187e+00	
   1.7164279e+00	
   2.4851204e+00	
   1.8245106e+00	
   2.0202897e+00	
   3.2856042e+00	
   1.9776161e+00	
   2.0518804e+00	
   2.2135479e+00	
   2.0950771e+00	
   1.8586979e+00	
   1.6739620e+00	
   2.9200400e+00	
   2.8036669e+00	
   2.8052518e+00	
   1.9166943e+00	
   2.0214104e+00	
   2.1205289e+00	
   1.4380057e+00	
   2.5423750e+00	
   2.2719363e+00	
   1.9042106e+00	
   2.6920659e+00	
   3.0748323e+00	
   1.3381020e+00	
   1.7951061e+00	
   2.8409977e+00	
   1.2377930e+00	
   1.9038100e+00	
   2.7984183e+00	
   2.6536154e+00	
   3.1991116e+00	
   1.6142129e+00	
   2.7418404e+00	
   2.4571360e+00	
   2.8424754e+00	
   2.1788930e+00	
   1.2934827e+00	
   2.3964337e+00	
   2.9887995e+00	
   2.3067483e+00	
   2.6104416e+00	
   2.9487227e+00	
   1.0302182e+00	
   2.6518801e+00	
   1.1159375e+00	
